program_id,sample_id,run_id,iterations_count,engine_overhead_time_ns,execution_loop_time_ns,total_time_ns,std_dev_time_ns
LOG0_0,0,Benchmarking started...
LOG0_0,0,Running 'bytecode':
LOG0_0,0,0, 683, 108814, 29522
LOG0_0,0,1, 803, 87942, 17969
LOG0_0,0,2, 885, 83371, 8511
LOG0_0,0,3, 851, 74094, 7135
LOG0_0,0,4, 789, 79029, 10896
LOG0_0,0,5, 888, 82386, 16987
LOG0_0,0,6, 849, 72178, 8588
LOG0_0,0,7, 859, 79182, 18353
LOG0_0,0,8, 790, 80816, 12802
LOG0_0,0,9, 851, 80180, 11249
LOG0_0,0,Benchmark run finished.
LOG0_5,0,Benchmarking started...
LOG0_5,0,Running 'bytecode':
LOG0_5,0,0, 777, 85990, 19743
LOG0_5,0,1, 724, 90471, 13645
LOG0_5,0,2, 1007, 77977, 15928
LOG0_5,0,3, 832, 79491, 18447
LOG0_5,0,4, 974, 73134, 7901
LOG0_5,0,5, 873, 70424, 6654
LOG0_5,0,6, 912, 76662, 7925
LOG0_5,0,7, 805, 87571, 31545
LOG0_5,0,8, 860, 82811, 16414
LOG0_5,0,9, 1018, 76950, 11163
LOG0_5,0,Benchmark run finished.
LOG0_10,0,Benchmarking started...
LOG0_10,0,Running 'bytecode':
LOG0_10,0,0, 763, 94638, 30384
LOG0_10,0,1, 828, 75985, 6980
LOG0_10,0,2, 823, 71639, 5586
LOG0_10,0,3, 908, 71317, 5780
LOG0_10,0,4, 946, 71948, 10164
LOG0_10,0,5, 803, 80484, 17803
LOG0_10,0,6, 750, 84581, 22446
LOG0_10,0,7, 789, 79308, 13994
LOG0_10,0,8, 866, 78817, 13132
LOG0_10,0,9, 790, 76862, 11458
LOG0_10,0,Benchmark run finished.
LOG0_15,0,Benchmarking started...
LOG0_15,0,Running 'bytecode':
LOG0_15,0,0, 834, 95508, 35003
LOG0_15,0,1, 761, 76003, 6899
LOG0_15,0,2, 987, 72505, 8334
LOG0_15,0,3, 841, 74854, 9273
LOG0_15,0,4, 864, 75249, 6337
LOG0_15,0,5, 951, 78764, 10822
LOG0_15,0,6, 768, 82353, 11962
LOG0_15,0,7, 921, 80512, 9792
LOG0_15,0,8, 842, 78397, 10700
LOG0_15,0,9, 816, 74075, 5984
LOG0_15,0,Benchmark run finished.
LOG0_20,0,Benchmarking started...
LOG0_20,0,Running 'bytecode':
LOG0_20,0,0, 834, 77905, 9724
LOG0_20,0,1, 835, 89233, 18861
LOG0_20,0,2, 763, 81875, 17435
LOG0_20,0,3, 966, 75055, 9266
LOG0_20,0,4, 796, 79076, 10289
LOG0_20,0,5, 899, 77091, 10631
LOG0_20,0,6, 827, 80713, 11380
LOG0_20,0,7, 960, 73687, 6340
LOG0_20,0,8, 836, 78714, 13955
LOG0_20,0,9, 935, 75248, 10378
LOG0_20,0,Benchmark run finished.
LOG0_25,0,Benchmarking started...
LOG0_25,0,Running 'bytecode':
LOG0_25,0,0, 760, 87728, 25710
LOG0_25,0,1, 881, 77724, 11053
LOG0_25,0,2, 862, 74887, 12579
LOG0_25,0,3, 957, 81105, 18757
LOG0_25,0,4, 895, 74487, 4952
LOG0_25,0,5, 1014, 79753, 11134
LOG0_25,0,6, 772, 80876, 15464
LOG0_25,0,7, 988, 77880, 11057
LOG0_25,0,8, 788, 80845, 15700
LOG0_25,0,9, 847, 72680, 5518
LOG0_25,0,Benchmark run finished.
LOG0_30,0,Benchmarking started...
LOG0_30,0,Running 'bytecode':
LOG0_30,0,0, 853, 85183, 30367
LOG0_30,0,1, 866, 75323, 5325
LOG0_30,0,2, 872, 70406, 6093
LOG0_30,0,3, 825, 81190, 15952
LOG0_30,0,4, 864, 79273, 8690
LOG0_30,0,5, 819, 77812, 7506
LOG0_30,0,6, 800, 75194, 6842
LOG0_30,0,7, 843, 80132, 13239
LOG0_30,0,8, 911, 74230, 9364
LOG0_30,0,9, 900, 74676, 6741
LOG0_30,0,Benchmark run finished.
LOG0_35,0,Benchmarking started...
LOG0_35,0,Running 'bytecode':
LOG0_35,0,0, 825, 97560, 28126
LOG0_35,0,1, 848, 88597, 22585
LOG0_35,0,2, 888, 77476, 8614
LOG0_35,0,3, 799, 79466, 9661
LOG0_35,0,4, 961, 81099, 12091
LOG0_35,0,5, 1003, 76164, 8372
LOG0_35,0,6, 817, 83483, 13248
LOG0_35,0,7, 919, 81259, 17990
LOG0_35,0,8, 897, 73919, 10388
LOG0_35,0,9, 878, 72137, 4564
LOG0_35,0,Benchmark run finished.
LOG0_40,0,Benchmarking started...
LOG0_40,0,Running 'bytecode':
LOG0_40,0,0, 814, 87804, 21206
LOG0_40,0,1, 773, 81926, 23983
LOG0_40,0,2, 861, 78608, 11449
LOG0_40,0,3, 704, 92096, 29430
LOG0_40,0,4, 920, 83205, 11188
LOG0_40,0,5, 822, 81445, 11774
LOG0_40,0,6, 749, 78697, 12105
LOG0_40,0,7, 848, 79969, 16064
LOG0_40,0,8, 921, 72886, 11780
LOG0_40,0,9, 884, 74453, 16730
LOG0_40,0,Benchmark run finished.
LOG0_45,0,Benchmarking started...
LOG0_45,0,Running 'bytecode':
LOG0_45,0,0, 932, 71617, 6010
LOG0_45,0,1, 883, 68497, 4647
LOG0_45,0,2, 879, 70431, 12412
LOG0_45,0,3, 1051, 64825, 5850
LOG0_45,0,4, 922, 69364, 12119
LOG0_45,0,5, 975, 67853, 8872
LOG0_45,0,6, 784, 75459, 18645
LOG0_45,0,7, 947, 75059, 18678
LOG0_45,0,8, 1000, 63696, 7288
LOG0_45,0,9, 936, 65024, 3030
LOG0_45,0,Benchmark run finished.
LOG0_50,0,Benchmarking started...
LOG0_50,0,Running 'bytecode':
LOG0_50,0,0, 809, 78680, 20098
LOG0_50,0,1, 950, 67682, 3505
LOG0_50,0,2, 1048, 65894, 5031
LOG0_50,0,3, 1088, 72731, 12756
LOG0_50,0,4, 887, 77816, 17719
LOG0_50,0,5, 838, 72110, 9514
LOG0_50,0,6, 910, 80789, 40671
LOG0_50,0,7, 889, 65086, 4469
LOG0_50,0,8, 948, 63291, 3908
LOG0_50,0,9, 1029, 67492, 8301
LOG0_50,0,Benchmark run finished.
LOG1_0,0,Benchmarking started...
LOG1_0,0,Running 'bytecode':
LOG1_0,0,0, 879, 72393, 15049
LOG1_0,0,1, 937, 66761, 5640
LOG1_0,0,2, 946, 66467, 5493
LOG1_0,0,3, 876, 65472, 3329
LOG1_0,0,4, 954, 66795, 7350
LOG1_0,0,5, 974, 68808, 12446
LOG1_0,0,6, 945, 66199, 4408
LOG1_0,0,7, 906, 68313, 7006
LOG1_0,0,8, 844, 80099, 24721
LOG1_0,0,9, 802, 71775, 11330
LOG1_0,0,Benchmark run finished.
LOG1_5,0,Benchmarking started...
LOG1_5,0,Running 'bytecode':
LOG1_5,0,0, 835, 79346, 21630
LOG1_5,0,1, 833, 71378, 11558
LOG1_5,0,2, 932, 65786, 3074
LOG1_5,0,3, 1071, 64081, 9292
LOG1_5,0,4, 930, 66310, 4784
LOG1_5,0,5, 907, 67066, 8377
LOG1_5,0,6, 1042, 65725, 8978
LOG1_5,0,7, 955, 70983, 11291
LOG1_5,0,8, 877, 70393, 12063
LOG1_5,0,9, 1018, 68687, 4699
LOG1_5,0,Benchmark run finished.
LOG1_10,0,Benchmarking started...
LOG1_10,0,Running 'bytecode':
LOG1_10,0,0, 952, 80662, 25282
LOG1_10,0,1, 900, 73553, 16118
LOG1_10,0,2, 992, 68768, 7967
LOG1_10,0,3, 1055, 67305, 9628
LOG1_10,0,4, 909, 69944, 10506
LOG1_10,0,5, 917, 66307, 5801
LOG1_10,0,6, 968, 68267, 5513
LOG1_10,0,7, 1046, 63450, 5658
LOG1_10,0,8, 883, 68511, 10446
LOG1_10,0,9, 927, 71950, 23048
LOG1_10,0,Benchmark run finished.
LOG1_15,0,Benchmarking started...
LOG1_15,0,Running 'bytecode':
LOG1_15,0,0, 877, 72700, 12276
LOG1_15,0,1, 795, 77210, 18921
LOG1_15,0,2, 914, 67668, 10238
LOG1_15,0,3, 896, 65228, 4914
LOG1_15,0,4, 876, 67860, 4319
LOG1_15,0,5, 1083, 64813, 5582
LOG1_15,0,6, 922, 64444, 4478
LOG1_15,0,7, 847, 75423, 17861
LOG1_15,0,8, 890, 65145, 3854
LOG1_15,0,9, 930, 69617, 12685
LOG1_15,0,Benchmark run finished.
LOG1_20,0,Benchmarking started...
LOG1_20,0,Running 'bytecode':
LOG1_20,0,0, 852, 83358, 24407
LOG1_20,0,1, 922, 66679, 5752
LOG1_20,0,2, 1017, 64844, 7386
LOG1_20,0,3, 841, 74897, 20266
LOG1_20,0,4, 825, 73653, 16080
LOG1_20,0,5, 896, 65980, 5051
LOG1_20,0,6, 836, 71426, 10291
LOG1_20,0,7, 982, 66435, 6364
LOG1_20,0,8, 1076, 67644, 10764
LOG1_20,0,9, 1032, 70028, 14821
LOG1_20,0,Benchmark run finished.
LOG1_25,0,Benchmarking started...
LOG1_25,0,Running 'bytecode':
LOG1_25,0,0, 899, 73440, 15603
LOG1_25,0,1, 923, 71191, 9009
LOG1_25,0,2, 1010, 65737, 5217
LOG1_25,0,3, 923, 70570, 16822
LOG1_25,0,4, 974, 66565, 4563
LOG1_25,0,5, 1005, 68545, 8476
LOG1_25,0,6, 942, 64888, 5741
LOG1_25,0,7, 846, 70463, 11664
LOG1_25,0,8, 830, 75237, 15890
LOG1_25,0,9, 981, 73669, 15559
LOG1_25,0,Benchmark run finished.
LOG1_30,0,Benchmarking started...
LOG1_30,0,Running 'bytecode':
LOG1_30,0,0, 921, 75179, 17211
LOG1_30,0,1, 931, 70384, 9807
LOG1_30,0,2, 823, 72127, 15152
LOG1_30,0,3, 891, 73921, 17530
LOG1_30,0,4, 992, 64714, 5667
LOG1_30,0,5, 931, 65116, 3175
LOG1_30,0,6, 979, 65195, 5889
LOG1_30,0,7, 909, 71730, 16194
LOG1_30,0,8, 949, 70112, 17677
LOG1_30,0,9, 915, 66981, 10263
LOG1_30,0,Benchmark run finished.
LOG1_35,0,Benchmarking started...
LOG1_35,0,Running 'bytecode':
LOG1_35,0,0, 886, 75397, 18248
LOG1_35,0,1, 878, 66897, 5889
LOG1_35,0,2, 1003, 64177, 5223
LOG1_35,0,3, 810, 70909, 9276
LOG1_35,0,4, 1027, 63155, 6572
LOG1_35,0,5, 907, 72244, 14120
LOG1_35,0,6, 961, 66344, 4808
LOG1_35,0,7, 879, 68988, 10036
LOG1_35,0,8, 968, 68901, 17494
LOG1_35,0,9, 833, 71427, 15494
LOG1_35,0,Benchmark run finished.
LOG1_40,0,Benchmarking started...
LOG1_40,0,Running 'bytecode':
LOG1_40,0,0, 845, 74869, 14537
LOG1_40,0,1, 918, 71507, 13703
LOG1_40,0,2, 953, 68226, 6614
LOG1_40,0,3, 1077, 65643, 9921
LOG1_40,0,4, 850, 75048, 19836
LOG1_40,0,5, 1076, 69844, 18098
LOG1_40,0,6, 968, 68571, 7319
LOG1_40,0,7, 953, 66902, 9445
LOG1_40,0,8, 1050, 66823, 3719
LOG1_40,0,9, 1010, 66019, 8033
LOG1_40,0,Benchmark run finished.
LOG1_45,0,Benchmarking started...
LOG1_45,0,Running 'bytecode':
LOG1_45,0,0, 909, 71614, 12147
LOG1_45,0,1, 877, 67446, 6101
LOG1_45,0,2, 949, 63751, 3651
LOG1_45,0,3, 1101, 65494, 9717
LOG1_45,0,4, 944, 65100, 4434
LOG1_45,0,5, 969, 65060, 5802
LOG1_45,0,6, 903, 68571, 8095
LOG1_45,0,7, 1020, 68995, 8093
LOG1_45,0,8, 938, 69440, 10401
LOG1_45,0,9, 871, 69880, 10152
LOG1_45,0,Benchmark run finished.
LOG1_50,0,Benchmarking started...
LOG1_50,0,Running 'bytecode':
LOG1_50,0,0, 889, 70625, 12759
LOG1_50,0,1, 896, 69958, 5735
LOG1_50,0,2, 933, 73626, 10742
LOG1_50,0,3, 944, 66069, 3751
LOG1_50,0,4, 916, 68653, 9347
LOG1_50,0,5, 969, 66277, 6318
LOG1_50,0,6, 1003, 66358, 4771
LOG1_50,0,7, 1037, 62685, 6821
LOG1_50,0,8, 948, 72211, 12300
LOG1_50,0,9, 962, 68833, 12280
LOG1_50,0,Benchmark run finished.
LOG2_0,0,Benchmarking started...
LOG2_0,0,Running 'bytecode':
LOG2_0,0,0, 871, 75938, 16567
LOG2_0,0,1, 852, 70481, 7714
LOG2_0,0,2, 965, 66573, 5316
LOG2_0,0,3, 950, 68053, 9125
LOG2_0,0,4, 996, 68860, 6345
LOG2_0,0,5, 964, 68014, 7711
LOG2_0,0,6, 939, 71763, 14163
LOG2_0,0,7, 893, 64705, 3841
LOG2_0,0,8, 991, 68951, 10817
LOG2_0,0,9, 1039, 70134, 9590
LOG2_0,0,Benchmark run finished.
LOG2_5,0,Benchmarking started...
LOG2_5,0,Running 'bytecode':
LOG2_5,0,0, 875, 74899, 17931
LOG2_5,0,1, 874, 68657, 14326
LOG2_5,0,2, 1049, 66200, 5124
LOG2_5,0,3, 952, 65909, 5440
LOG2_5,0,4, 1026, 65511, 6599
LOG2_5,0,5, 1071, 66476, 8565
LOG2_5,0,6, 938, 67171, 5603
LOG2_5,0,7, 945, 69542, 8117
LOG2_5,0,8, 918, 65247, 3735
LOG2_5,0,9, 929, 73918, 13166
LOG2_5,0,Benchmark run finished.
LOG2_10,0,Benchmarking started...
LOG2_10,0,Running 'bytecode':
LOG2_10,0,0, 769, 78755, 16678
LOG2_10,0,1, 902, 71403, 10224
LOG2_10,0,2, 914, 65924, 4632
LOG2_10,0,3, 1010, 68409, 8225
LOG2_10,0,4, 1007, 64057, 4423
LOG2_10,0,5, 957, 70142, 14492
LOG2_10,0,6, 834, 72199, 14117
LOG2_10,0,7, 836, 75981, 19616
LOG2_10,0,8, 1012, 72228, 16856
LOG2_10,0,9, 838, 72076, 11174
LOG2_10,0,Benchmark run finished.
LOG2_15,0,Benchmarking started...
LOG2_15,0,Running 'bytecode':
LOG2_15,0,0, 959, 76774, 18692
LOG2_15,0,1, 819, 71096, 8642
LOG2_15,0,2, 971, 65415, 6406
LOG2_15,0,3, 1066, 63285, 5395
LOG2_15,0,4, 1044, 62496, 5415
LOG2_15,0,5, 1014, 64874, 6165
LOG2_15,0,6, 855, 73207, 13042
LOG2_15,0,7, 882, 69002, 10047
LOG2_15,0,8, 914, 66436, 5924
LOG2_15,0,9, 973, 65575, 5070
LOG2_15,0,Benchmark run finished.
LOG2_20,0,Benchmarking started...
LOG2_20,0,Running 'bytecode':
LOG2_20,0,0, 960, 73087, 12318
LOG2_20,0,1, 958, 67217, 6775
LOG2_20,0,2, 922, 69067, 9538
LOG2_20,0,3, 1015, 67286, 9478
LOG2_20,0,4, 851, 77988, 18608
LOG2_20,0,5, 964, 69764, 9647
LOG2_20,0,6, 876, 67466, 7136
LOG2_20,0,7, 919, 68566, 13358
LOG2_20,0,8, 1087, 68057, 8617
LOG2_20,0,9, 970, 67926, 10586
LOG2_20,0,Benchmark run finished.
LOG2_25,0,Benchmarking started...
LOG2_25,0,Running 'bytecode':
LOG2_25,0,0, 835, 75200, 12619
LOG2_25,0,1, 910, 72259, 11147
LOG2_25,0,2, 992, 65083, 4024
LOG2_25,0,3, 1089, 65916, 7154
LOG2_25,0,4, 912, 64508, 4781
LOG2_25,0,5, 1030, 63526, 6350
LOG2_25,0,6, 879, 65309, 7538
LOG2_25,0,7, 951, 68126, 5550
LOG2_25,0,8, 1018, 63063, 4368
LOG2_25,0,9, 893, 67078, 4679
LOG2_25,0,Benchmark run finished.
LOG2_30,0,Benchmarking started...
LOG2_30,0,Running 'bytecode':
LOG2_30,0,0, 832, 76940, 14000
LOG2_30,0,1, 931, 72391, 8930
LOG2_30,0,2, 860, 72286, 16417
LOG2_30,0,3, 822, 80338, 22249
LOG2_30,0,4, 909, 69459, 9300
LOG2_30,0,5, 839, 72384, 6309
LOG2_30,0,6, 948, 69420, 10469
LOG2_30,0,7, 981, 67174, 5415
LOG2_30,0,8, 960, 69083, 7377
LOG2_30,0,9, 921, 70341, 7582
LOG2_30,0,Benchmark run finished.
LOG2_35,0,Benchmarking started...
LOG2_35,0,Running 'bytecode':
LOG2_35,0,0, 766, 82228, 19066
LOG2_35,0,1, 826, 70405, 8605
LOG2_35,0,2, 1018, 66744, 6206
LOG2_35,0,3, 877, 68034, 5546
LOG2_35,0,4, 903, 73176, 9482
LOG2_35,0,5, 925, 77348, 19771
LOG2_35,0,6, 854, 80300, 15317
LOG2_35,0,7, 867, 111572, 34787
LOG2_35,0,8, 807, 102845, 21101
LOG2_35,0,9, 867, 68938, 7226
LOG2_35,0,Benchmark run finished.
LOG2_40,0,Benchmarking started...
LOG2_40,0,Running 'bytecode':
LOG2_40,0,0, 790, 75351, 12005
LOG2_40,0,1, 894, 72126, 13061
LOG2_40,0,2, 990, 69877, 9449
LOG2_40,0,3, 1094, 66912, 11060
LOG2_40,0,4, 1049, 66342, 5294
LOG2_40,0,5, 953, 64489, 5705
LOG2_40,0,6, 877, 66249, 5868
LOG2_40,0,7, 934, 66687, 8915
LOG2_40,0,8, 947, 76174, 23561
LOG2_40,0,9, 918, 64509, 3925
LOG2_40,0,Benchmark run finished.
LOG2_45,0,Benchmarking started...
LOG2_45,0,Running 'bytecode':
LOG2_45,0,0, 893, 73443, 14924
LOG2_45,0,1, 894, 71078, 10613
LOG2_45,0,2, 938, 67161, 5135
LOG2_45,0,3, 935, 67094, 6929
LOG2_45,0,4, 1073, 64864, 4705
LOG2_45,0,5, 989, 69200, 11891
LOG2_45,0,6, 865, 70259, 12203
LOG2_45,0,7, 882, 69718, 10615
LOG2_45,0,8, 923, 69960, 18581
LOG2_45,0,9, 872, 66912, 9871
LOG2_45,0,Benchmark run finished.
LOG2_50,0,Benchmarking started...
LOG2_50,0,Running 'bytecode':
LOG2_50,0,0, 850, 78463, 16933
LOG2_50,0,1, 895, 67748, 7252
LOG2_50,0,2, 939, 67647, 15991
LOG2_50,0,3, 912, 70022, 8928
LOG2_50,0,4, 955, 69821, 8746
LOG2_50,0,5, 974, 64473, 6145
LOG2_50,0,6, 1026, 68908, 8546
LOG2_50,0,7, 1129, 68237, 8044
LOG2_50,0,8, 808, 71488, 11889
LOG2_50,0,9, 1052, 63206, 4617
LOG2_50,0,Benchmark run finished.
LOG3_0,0,Benchmarking started...
LOG3_0,0,Running 'bytecode':
LOG3_0,0,0, 825, 77375, 14818
LOG3_0,0,1, 937, 68258, 8422
LOG3_0,0,2, 1066, 68310, 8720
LOG3_0,0,3, 941, 66198, 7953
LOG3_0,0,4, 921, 66708, 6822
LOG3_0,0,5, 1020, 64188, 4277
LOG3_0,0,6, 982, 70264, 8974
LOG3_0,0,7, 968, 64827, 6210
LOG3_0,0,8, 966, 66871, 8595
LOG3_0,0,9, 913, 72493, 15773
LOG3_0,0,Benchmark run finished.
LOG3_5,0,Benchmarking started...
LOG3_5,0,Running 'bytecode':
LOG3_5,0,0, 930, 73752, 17169
LOG3_5,0,1, 920, 71055, 8912
LOG3_5,0,2, 906, 66829, 6057
LOG3_5,0,3, 1054, 70509, 11475
LOG3_5,0,4, 964, 66818, 8293
LOG3_5,0,5, 892, 67020, 8839
LOG3_5,0,6, 871, 73512, 20740
LOG3_5,0,7, 1115, 64975, 8036
LOG3_5,0,8, 892, 67835, 4822
LOG3_5,0,9, 908, 69160, 11409
LOG3_5,0,Benchmark run finished.
LOG3_10,0,Benchmarking started...
LOG3_10,0,Running 'bytecode':
LOG3_10,0,0, 924, 76103, 18876
LOG3_10,0,1, 904, 66526, 6255
LOG3_10,0,2, 904, 68591, 8962
LOG3_10,0,3, 950, 67953, 3858
LOG3_10,0,4, 884, 67080, 4786
LOG3_10,0,5, 1030, 68623, 8949
LOG3_10,0,6, 914, 70166, 10971
LOG3_10,0,7, 1033, 63806, 5622
LOG3_10,0,8, 996, 68234, 10055
LOG3_10,0,9, 1031, 68054, 6566
LOG3_10,0,Benchmark run finished.
LOG3_15,0,Benchmarking started...
LOG3_15,0,Running 'bytecode':
LOG3_15,0,0, 881, 74602, 14841
LOG3_15,0,1, 883, 68174, 8015
LOG3_15,0,2, 817, 75403, 16969
LOG3_15,0,3, 874, 68959, 11240
LOG3_15,0,4, 1058, 72685, 14840
LOG3_15,0,5, 904, 65413, 3927
LOG3_15,0,6, 838, 68999, 9524
LOG3_15,0,7, 894, 64034, 4450
LOG3_15,0,8, 986, 63498, 4942
LOG3_15,0,9, 949, 68103, 9001
LOG3_15,0,Benchmark run finished.
LOG3_20,0,Benchmarking started...
LOG3_20,0,Running 'bytecode':
LOG3_20,0,0, 906, 76285, 14836
LOG3_20,0,1, 879, 69181, 8896
LOG3_20,0,2, 952, 70863, 16151
LOG3_20,0,3, 1012, 62959, 6134
LOG3_20,0,4, 862, 69814, 4980
LOG3_20,0,5, 938, 66990, 8641
LOG3_20,0,6, 948, 65670, 10259
LOG3_20,0,7, 810, 69382, 10113
LOG3_20,0,8, 989, 69901, 7740
LOG3_20,0,9, 952, 69572, 10024
LOG3_20,0,Benchmark run finished.
LOG3_25,0,Benchmarking started...
LOG3_25,0,Running 'bytecode':
LOG3_25,0,0, 871, 69968, 8816
LOG3_25,0,1, 864, 84087, 27505
LOG3_25,0,2, 949, 67218, 6430
LOG3_25,0,3, 895, 65359, 4767
LOG3_25,0,4, 882, 68657, 10226
LOG3_25,0,5, 931, 66900, 10973
LOG3_25,0,6, 854, 75710, 20221
LOG3_25,0,7, 1059, 74382, 16114
LOG3_25,0,8, 976, 65876, 4138
LOG3_25,0,9, 1007, 67128, 6856
LOG3_25,0,Benchmark run finished.
LOG3_30,0,Benchmarking started...
LOG3_30,0,Running 'bytecode':
LOG3_30,0,0, 863, 77775, 18857
LOG3_30,0,1, 905, 66171, 6232
LOG3_30,0,2, 977, 66358, 5643
LOG3_30,0,3, 937, 65133, 5269
LOG3_30,0,4, 912, 67548, 7990
LOG3_30,0,5, 848, 76861, 16502
LOG3_30,0,6, 903, 69418, 10434
LOG3_30,0,7, 779, 77817, 17847
LOG3_30,0,8, 955, 65156, 3583
LOG3_30,0,9, 969, 72445, 14313
LOG3_30,0,Benchmark run finished.
LOG3_35,0,Benchmarking started...
LOG3_35,0,Running 'bytecode':
LOG3_35,0,0, 842, 76314, 16641
LOG3_35,0,1, 896, 65656, 3069
LOG3_35,0,2, 1060, 69719, 7071
LOG3_35,0,3, 1034, 63279, 6466
LOG3_35,0,4, 944, 63611, 3756
LOG3_35,0,5, 877, 73356, 18311
LOG3_35,0,6, 941, 69215, 11553
LOG3_35,0,7, 842, 65080, 2921
LOG3_35,0,8, 1033, 62954, 6293
LOG3_35,0,9, 956, 65627, 6069
LOG3_35,0,Benchmark run finished.
LOG3_40,0,Benchmarking started...
LOG3_40,0,Running 'bytecode':
LOG3_40,0,0, 832, 72378, 10315
LOG3_40,0,1, 954, 70770, 8940
LOG3_40,0,2, 889, 66680, 4659
LOG3_40,0,3, 1095, 65743, 5437
LOG3_40,0,4, 964, 74348, 17910
LOG3_40,0,5, 918, 72487, 10339
LOG3_40,0,6, 888, 64442, 4299
LOG3_40,0,7, 822, 71819, 10412
LOG3_40,0,8, 879, 67094, 8255
LOG3_40,0,9, 885, 68686, 9850
LOG3_40,0,Benchmark run finished.
LOG3_45,0,Benchmarking started...
LOG3_45,0,Running 'bytecode':
LOG3_45,0,0, 805, 79512, 17960
LOG3_45,0,1, 922, 72954, 11770
LOG3_45,0,2, 954, 67791, 10680
LOG3_45,0,3, 992, 65042, 7883
LOG3_45,0,4, 1069, 70334, 13264
LOG3_45,0,5, 915, 67197, 12355
LOG3_45,0,6, 1047, 65619, 6460
LOG3_45,0,7, 1009, 69907, 7695
LOG3_45,0,8, 1005, 65566, 5733
LOG3_45,0,9, 1040, 64201, 5318
LOG3_45,0,Benchmark run finished.
LOG3_50,0,Benchmarking started...
LOG3_50,0,Running 'bytecode':
LOG3_50,0,0, 861, 81248, 23149
LOG3_50,0,1, 914, 70918, 9763
LOG3_50,0,2, 947, 65047, 4206
LOG3_50,0,3, 925, 67309, 8437
LOG3_50,0,4, 996, 69310, 4837
LOG3_50,0,5, 919, 68628, 8596
LOG3_50,0,6, 850, 65307, 4637
LOG3_50,0,7, 899, 68262, 9327
LOG3_50,0,8, 841, 72270, 13888
LOG3_50,0,9, 1032, 66321, 6681
LOG3_50,0,Benchmark run finished.
LOG4_0,0,Benchmarking started...
LOG4_0,0,Running 'bytecode':
LOG4_0,0,0, 955, 72100, 8153
LOG4_0,0,1, 860, 72740, 9919
LOG4_0,0,2, 837, 77435, 19393
LOG4_0,0,3, 932, 69423, 6687
LOG4_0,0,4, 1002, 69202, 10412
LOG4_0,0,5, 845, 71327, 8219
LOG4_0,0,6, 1032, 67863, 8306
LOG4_0,0,7, 1006, 64459, 7421
LOG4_0,0,8, 908, 67490, 5866
LOG4_0,0,9, 1067, 68310, 10492
LOG4_0,0,Benchmark run finished.
LOG4_5,0,Benchmarking started...
LOG4_5,0,Running 'bytecode':
LOG4_5,0,0, 822, 77847, 13718
LOG4_5,0,1, 900, 65956, 4532
LOG4_5,0,2, 943, 71796, 14450
LOG4_5,0,3, 893, 68071, 9059
LOG4_5,0,4, 963, 65318, 6418
LOG4_5,0,5, 1103, 65232, 4185
LOG4_5,0,6, 940, 65214, 3959
LOG4_5,0,7, 834, 73029, 17314
LOG4_5,0,8, 826, 72698, 9942
LOG4_5,0,9, 914, 65637, 6681
LOG4_5,0,Benchmark run finished.
LOG4_10,0,Benchmarking started...
LOG4_10,0,Running 'bytecode':
LOG4_10,0,0, 875, 73554, 13229
LOG4_10,0,1, 874, 68884, 9318
LOG4_10,0,2, 986, 64286, 4282
LOG4_10,0,3, 904, 65238, 5068
LOG4_10,0,4, 879, 64671, 4547
LOG4_10,0,5, 956, 65919, 5345
LOG4_10,0,6, 850, 76989, 19828
LOG4_10,0,7, 938, 69157, 9096
LOG4_10,0,8, 849, 76831, 21121
LOG4_10,0,9, 799, 75433, 17393
LOG4_10,0,Benchmark run finished.
LOG4_15,0,Benchmarking started...
LOG4_15,0,Running 'bytecode':
LOG4_15,0,0, 880, 74627, 19499
LOG4_15,0,1, 855, 75961, 16451
LOG4_15,0,2, 849, 71057, 16358
LOG4_15,0,3, 900, 69299, 9965
LOG4_15,0,4, 1055, 64025, 5525
LOG4_15,0,5, 958, 68289, 10963
LOG4_15,0,6, 787, 74548, 18919
LOG4_15,0,7, 923, 68300, 7708
LOG4_15,0,8, 954, 66507, 3502
LOG4_15,0,9, 976, 69674, 14044
LOG4_15,0,Benchmark run finished.
LOG4_20,0,Benchmarking started...
LOG4_20,0,Running 'bytecode':
LOG4_20,0,0, 845, 76437, 17975
LOG4_20,0,1, 837, 80214, 19605
LOG4_20,0,2, 841, 76452, 18020
LOG4_20,0,3, 944, 69141, 8355
LOG4_20,0,4, 1020, 63798, 6271
LOG4_20,0,5, 930, 65008, 5373
LOG4_20,0,6, 1033, 66832, 8066
LOG4_20,0,7, 863, 73188, 15180
LOG4_20,0,8, 948, 66154, 5500
LOG4_20,0,9, 1069, 70926, 11429
LOG4_20,0,Benchmark run finished.
LOG4_25,0,Benchmarking started...
LOG4_25,0,Running 'bytecode':
LOG4_25,0,0, 846, 84802, 29264
LOG4_25,0,1, 767, 94431, 44640
LOG4_25,0,2, 1024, 69603, 10005
LOG4_25,0,3, 1009, 72571, 11772
LOG4_25,0,4, 879, 72927, 11662
LOG4_25,0,5, 1065, 88584, 23082
LOG4_25,0,6, 848, 77355, 15111
LOG4_25,0,7, 960, 70097, 7484
LOG4_25,0,8, 1000, 69399, 6470
LOG4_25,0,9, 935, 70053, 7184
LOG4_25,0,Benchmark run finished.
LOG4_30,0,Benchmarking started...
LOG4_30,0,Running 'bytecode':
LOG4_30,0,0, 823, 80163, 14741
LOG4_30,0,1, 931, 75349, 8105
LOG4_30,0,2, 827, 76062, 22963
LOG4_30,0,3, 867, 76651, 16285
LOG4_30,0,4, 931, 67465, 5145
LOG4_30,0,5, 913, 70761, 11088
LOG4_30,0,6, 1061, 65634, 6119
LOG4_30,0,7, 899, 65265, 4879
LOG4_30,0,8, 833, 70904, 11836
LOG4_30,0,9, 882, 69766, 10880
LOG4_30,0,Benchmark run finished.
LOG4_35,0,Benchmarking started...
LOG4_35,0,Running 'bytecode':
LOG4_35,0,0, 847, 80275, 20215
LOG4_35,0,1, 850, 71404, 9707
LOG4_35,0,2, 875, 76704, 18020
LOG4_35,0,3, 781, 79767, 13984
LOG4_35,0,4, 858, 71102, 6420
LOG4_35,0,5, 896, 69468, 6337
LOG4_35,0,6, 840, 77404, 19691
LOG4_35,0,7, 907, 74528, 19268
LOG4_35,0,8, 1067, 74460, 21067
LOG4_35,0,9, 989, 78001, 15656
LOG4_35,0,Benchmark run finished.
LOG4_40,0,Benchmarking started...
LOG4_40,0,Running 'bytecode':
LOG4_40,0,0, 759, 91204, 19696
LOG4_40,0,1, 853, 82596, 16381
LOG4_40,0,2, 766, 90559, 25489
LOG4_40,0,3, 759, 94368, 38182
LOG4_40,0,4, 916, 90323, 19877
LOG4_40,0,5, 861, 83574, 18577
LOG4_40,0,6, 900, 74282, 10804
LOG4_40,0,7, 848, 75239, 8634
LOG4_40,0,8, 802, 79533, 17925
LOG4_40,0,9, 922, 79145, 8149
LOG4_40,0,Benchmark run finished.
LOG4_45,0,Benchmarking started...
LOG4_45,0,Running 'bytecode':
LOG4_45,0,0, 823, 105456, 43855
LOG4_45,0,1, 780, 95628, 31270
LOG4_45,0,2, 740, 97474, 21850
LOG4_45,0,3, 659, 134516, 48847
LOG4_45,0,4, 799, 97282, 27764
LOG4_45,0,5, 828, 81870, 27306
LOG4_45,0,6, 859, 76073, 9025
LOG4_45,0,7, 1036, 73955, 6371
LOG4_45,0,8, 981, 108536, 41829
LOG4_45,0,9, 674, 210792, 309796
LOG4_45,0,Benchmark run finished.
LOG4_50,0,Benchmarking started...
LOG4_50,0,Running 'bytecode':
LOG4_50,0,0, 798, 147634, 37308
LOG4_50,0,1, 669, 99919, 24792
LOG4_50,0,2, 793, 79476, 13414
LOG4_50,0,3, 978, 77069, 13350
LOG4_50,0,4, 920, 74807, 10020
LOG4_50,0,5, 821, 94941, 25481
LOG4_50,0,6, 808, 100100, 23551
LOG4_50,0,7, 791, 116575, 41655
LOG4_50,0,8, 608, 162082, 56531
LOG4_50,0,9, 728, 116481, 61709
LOG4_50,0,Benchmark run finished.
